S,0,77.16,460,451,299,482,0,0
S,1,98.24,442,425,286,463,0,0
S,2,106.99,430,406,283,443,0,0
S,3,112.53,420,396,277,430,0,0
S,4,120.18,417,380,275,421,0,0
S,5,125.21,408,373,272,414,0,0
S,6,131.28,408,364,270,401,0,0
S,7,134.08,399,354,266,396,0,0
S,8,137.12,399,345,268,395,0,0
S,9,136.30,401,349,273,394,0,0
S,10,136.30,400,344,273,391,0,0
S,11,136.54,397,346,269,388,0,0
S,12,132.56,401,346,277,389,0,0
S,13,129.99,409,349,283,398,0,0
S,14,126.04,422,350,289,402,0,0
S,15,119.40,434,352,300,403,0,0
S,16,113.09,442,352,312,412,0,0
S,17,104.52,457,361,323,426,0,0
S,18,96.16,479,368,344,444,0,0
S,19,87.22,503,385,362,454,0,0
S,20,77.63,541,388,395,471,0,0
S,21,65.16,584,407,440,496,0,0
S,22,53.68,647,425,495,530,0,0
S,23,44.64,727,450,568,573,0,0
S,24,35.50,836,485,656,629,0,0
S,0,75.07,555,391,381,461,0,0
S,1,87.22,515,383,361,439,0,0
S,2,97.70,493,365,344,429,0,0
S,3,107.91,462,356,322,411,0,0
S,4,118.32,448,343,309,401,0,0
S,5,124.89,431,339,299,386,0,0
S,6,134.43,416,339,287,379,0,0
S,7,140.17,406,331,272,376,0,0
S,8,149.71,395,331,269,362,0,0
S,9,156.63,386,321,262,365,0,0
S,10,162.24,373,322,258,358,0,0
S,11,168.98,372,319,253,358,0,0
S,12,171.40,366,322,247,351,0,0
S,13,173.56,360,320,244,348,0,0
S,14,176.48,359,318,242,346,0,0
S,15,175.32,357,318,243,352,0,0
S,16,178.80,355,314,242,345,0,0
S,17,177.10,358,321,242,352,0,0
S,18,173.59,356,321,243,355,0,0
S,19,171.73,359,328,245,361,0,0
S,20,168.55,362,332,242,359,0,0
S,21,165.23,360,337,243,366,0,0
S,22,159.94,367,346,244,377,0,0
S,23,154.08,376,349,252,384,0,0
S,24,147.26,379,356,256,391,0,0
S,0,176.89,355,335,241,354,0,0
S,1,182.46,344,326,227,349,0,0
S,2,187.23,347,315,228,346,0,0
S,3,192.95,339,317,231,344,0,0
S,4,194.22,339,315,232,337,0,0
S,5,200.59,340,307,226,339,0,0
S,6,203.15,336,307,227,335,0,0
S,7,204.07,337,303,228,336,0,0
S,8,204.68,334,303,226,331,0,0
S,9,204.58,339,303,228,325,0,0
S,10,206.11,337,297,228,330,0,0
S,11,202.84,338,296,235,330,0,0
S,12,204.38,340,303,231,326,0,0
S,13,200.76,341,307,233,333,0,0
S,14,194.67,342,301,239,334,0,0
S,15,191.82,351,303,244,332,0,0
S,16,188.50,353,304,241,337,0,0
S,17,182.46,361,307,244,344,0,0
S,18,177.90,364,306,250,348,0,0
S,19,174.73,370,307,254,343,0,0
S,20,165.34,370,318,261,352,0,0
S,21,159.54,389,318,263,363,0,0
S,22,151.81,393,320,271,362,0,0
S,23,146.05,400,323,274,371,0,0
S,24,139.58,408,329,282,378,0,0
S,0,177.40,370,313,249,341,0,0
S,1,182.64,365,309,248,339,0,0
S,2,184.70,363,307,243,335,0,0
S,3,187.70,354,298,248,333,0,0
S,4,191.35,358,305,244,328,0,0
S,5,194.52,348,294,239,332,0,0
S,6,199.28,346,300,242,330,0,0
S,7,199.44,347,295,236,331,0,0
S,8,201.38,346,297,236,329,0,0
S,9,204.16,343,299,234,325,0,0
S,10,204.38,341,298,234,327,0,0
S,11,209.92,341,296,229,327,0,0
S,12,207.84,332,296,227,329,0,0
S,13,211.17,336,295,225,321,0,0
S,14,210.81,332,295,232,319,0,0
S,15,209.39,334,304,226,323,0,0
S,16,210.34,334,302,222,325,0,0
S,17,209.39,333,307,225,330,0,0
S,18,209.74,331,300,225,329,0,0
S,19,208.14,329,301,229,326,0,0
S,20,205.80,337,304,224,326,0,0
S,21,203.56,331,305,218,333,0,0
S,22,202.16,334,307,220,334,0,0
S,23,198.77,332,310,221,337,0,0
S,24,196.24,337,316,225,341,0,0
R,211.17,48,110,0,0,0,0,0
K,11484,4.74,44.60,210.28,335,306,224,322
K,41864,4.73,44.20,211.16,332,296,226,320
K,42906,4.72,44.50,209.63,334,299,233,326
K,43949,4.72,44.20,208.80,338,294,227,326
K,44990,4.72,44.60,210.10,336,299,230,326
K,46032,4.72,44.60,208.92,338,298,224,326
K,47075,4.72,44.30,209.57,337,295,228,319
K,48116,4.71,44.70,208.45,334,301,225,320
K,49159,4.73,44.20,210.45,334,301,225,322
K,50201,4.70,44.20,210.33,333,299,224,326
K,51244,4.70,44.40,213.34,338,293,225,321
K,52285,4.70,44.60,209.51,333,290,230,324
K,53327,4.69,45.40,208.62,334,294,223,321
K,54370,4.71,45.10,208.68,334,296,228,324
K,55411,4.72,44.60,208.03,338,300,226,320
K,56454,4.69,44.60,208.62,335,293,227,325
K,57496,4.69,45.20,210.45,336,296,229,325
K,58539,4.71,43.80,210.38,331,299,228,327
K,59580,4.70,43.20,201.88,340,299,233,327
K,60622,4.71,43.70,201.71,341,302,228,325
K,61665,4.71,42.70,200.82,345,303,233,332
K,62707,4.68,40.00,185.80,351,308,239,337
K,63749,4.62,27.40,127.05,409,365,288,389
K,64791,4.56,23.10,105.15,442,389,301,417
K,65833,4.70,35.30,167.08,364,329,243,347
K,66875,4.71,43.50,202.76,337,299,233,327
K,67917,4.68,44.20,208.15,337,299,230,322
K,68960,4.67,44.70,209.20,335,294,226,325
K,70002,4.67,44.90,209.31,339,295,232,325
K,71044,4.67,44.70,209.20,338,296,225,325
K,72086,4.67,45.00,208.66,339,297,224,323
K,73128,4.66,44.90,208.48,336,300,224,326
K,74170,4.66,45.00,209.52,332,294,226,326
K,75212,4.66,44.80,209.52,334,299,226,327
K,76255,4.63,45.40,210.63,330,296,228,325
K,77297,4.63,44.80,208.12,341,299,223,320
K,78339,4.64,44.20,206.08,336,298,224,325
K,79381,4.66,43.80,203.76,340,300,230,330
K,80423,4.66,43.10,201.36,343,305,233,329
K,81465,4.67,43.40,198.86,338,311,234,331
K,82507,4.65,42.50,197.37,340,302,230,334
K,83550,4.66,42.70,196.86,341,302,236,332
K,84592,4.66,42.10,194.32,345,301,233,336
K,85634,4.64,41.10,190.90,349,309,239,337
K,86676,4.65,40.30,188.38,351,311,235,337
K,87718,4.65,41.10,194.88,346,308,235,337
K,88760,4.62,41.70,192.73,344,312,236,337
K,89802,4.65,41.10,188.87,351,308,236,333
K,90845,4.65,41.60,190.51,343,304,235,338
K,91887,4.63,42.40,197.44,339,305,238,334
K,92929,4.63,42.50,195.13,347,316,231,335
K,93971,4.64,39.20,182.35,352,313,244,347
K,95013,4.63,38.00,173.39,359,323,243,345
K,96055,4.64,35.70,166.58,361,326,251,355
K,97097,4.62,31.20,145.78,389,342,265,372
K,98140,4.62,33.30,153.19,378,335,258,363
K,99182,4.63,38.60,178.95,356,310,244,343
K,100224,4.62,40.00,184.82,351,314,240,340
K,101266,4.64,38.40,177.87,356,318,245,340
K,102308,4.64,39.30,182.04,349,310,241,341
K,103351,4.62,37.80,174.79,357,316,243,347
K,104393,4.63,35.10,162.26,370,329,256,355
K,105435,4.62,36.90,167.10,362,323,252,352
K,106477,4.62,36.70,166.03,363,320,250,351
K,107520,4.63,35.60,166.58,364,327,249,350
K,108562,4.64,35.50,165.83,363,330,253,355
K,109603,4.63,36.20,165.40,363,331,251,348
K,110646,4.63,35.70,166.29,369,327,247,355
K,111688,4.63,35.90,165.68,364,331,248,352
K,112731,4.64,37.10,169.57,360,321,250,347
K,113773,4.62,38.10,175.41,363,321,245,346
K,114814,4.60,38.70,177.56,354,314,243,345
K,115857,4.60,38.70,178.48,357,311,238,346
K,116899,4.62,39.50,179.39,353,315,241,343
K,117942,4.60,39.20,181.41,350,314,242,345
K,118983,4.61,38.80,180.16,353,317,241,344
K,120026,4.61,38.80,178.48,360,315,242,343
K,121068,4.59,38.30,176.03,352,318,236,348
K,122110,4.61,38.70,175.87,353,317,242,344
K,123152,4.61,38.20,175.41,355,315,246,340
K,124194,4.58,38.40,176.33,357,321,237,343
K,125237,4.58,39.30,181.24,348,317,243,339
K,126279,4.59,40.80,187.03,349,318,240,341
K,127322,4.56,40.40,185.27,349,311,237,335
K,128363,4.57,41.60,190.15,346,305,237,335
K,129405,4.55,42.00,191.35,345,310,235,330
K,130448,4.55,41.60,188.45,344,305,234,339
K,131490,4.55,41.70,187.12,348,306,236,333
K,132532,4.55,41.80,190.73,347,309,235,334
K,133574,4.55,42.60,194.94,346,304,234,336
K,134617,3.79,47.70,182.40,344,304,233,329
K,135659,3.79,48.20,182.02,336,301,232,328
K,136700,3.79,48.30,183.53,340,303,229,323
K,137743,3.80,48.80,185.24,336,302,229,327
K,138785,3.80,48.70,186.00,335,297,229,327
K,139828,3.80,48.90,184.87,332,305,231,327
K,140870,3.80,48.80,185.82,336,300,233,321
K,141912,3.80,48.80,186.00,333,298,228,323
K,142954,3.80,48.80,186.00,339,302,229,326
K,143996,3.80,48.90,187.34,338,295,229,324
K,145039,3.80,49.40,186.96,336,295,231,323
K,146080,3.80,49.00,186.58,332,296,229,314
K,147123,3.80,48.60,185.06,336,303,227,329
K,148165,3.80,48.20,183.92,337,301,235,325
K,149208,3.80,47.90,182.21,339,300,233,328
K,150250,3.79,47.00,178.41,345,305,231,329
K,151291,3.79,45.60,173.29,345,311,236,336
K,152334,3.79,45.10,170.64,344,314,238,333
K,153376,3.79,45.70,173.29,345,306,231,335
K,154418,3.79,45.40,171.78,341,314,241,335
K,155460,3.80,45.10,169.88,350,313,235,333
K,156503,3.79,45.20,169.88,343,311,239,337
K,157545,3.79,45.60,173.29,342,309,232,337
K,158587,3.79,45.70,173.48,346,307,237,329
K,159629,3.79,45.70,172.92,342,311,233,330
K,160671,3.79,44.50,169.12,350,308,240,334
K,161714,3.79,43.50,165.16,351,313,243,338
K,162756,3.79,43.70,164.40,350,310,235,345
K,163798,3.79,43.50,164.19,353,318,239,338
K,164840,3.79,43.60,165.71,354,318,241,342
K,165882,3.79,43.30,164.02,353,311,238,343
K,166925,3.79,42.10,160.82,356,318,244,345
K,167967,3.78,41.60,156.28,355,320,247,349
K,169009,3.78,41.70,157.41,355,316,247,342
K,170051,3.78,41.10,156.66,359,319,244,347
K,171094,3.78,41.50,155.90,362,321,242,348
K,172136,3.79,42.40,160.44,354,317,244,343
K,173177,3.79,42.80,162.30,360,313,241,343
K,174220,3.78,41.50,157.96,362,321,244,345
K,175262,3.78,40.20,151.20,363,322,246,351
K,176305,3.78,39.50,148.40,367,324,248,355
K,177347,3.77,38.30,143.87,370,329,257,357
K,178388,3.78,37.50,140.84,373,324,256,359
K,179431,3.78,37.70,141.60,373,329,254,359
K,180473,3.78,40.00,147.66,370,331,254,358
K,181516,3.78,40.20,152.87,367,323,249,351
K,182557,3.79,40.80,154.39,358,322,249,351
K,183600,3.78,41.00,155.31,363,323,243,346
K,184642,3.79,41.00,154.93,359,322,248,349
K,185684,3.79,41.40,156.66,358,323,249,345
K,186726,3.79,41.30,155.90,364,316,245,346
K,187768,3.79,41.40,155.85,357,317,248,342
K,188811,3.79,41.00,156.82,358,320,245,350
K,189853,3.79,41.10,156.44,366,319,244,349
K,190895,3.79,40.80,155.31,360,323,242,355
K,191937,3.79,40.70,155.31,357,319,246,348
K,192979,3.79,40.80,153.96,359,318,247,348
K,194022,3.78,40.20,152.28,364,320,249,349
K,195064,3.78,39.60,149.09,366,328,248,353
K,196106,3.79,40.30,150.44,365,323,256,352
K,197148,3.78,38.00,144.40,370,327,256,357
K,198191,3.78,38.10,144.40,367,328,252,362
K,199233,3.77,38.40,145.39,368,328,252,354
K,200274,3.78,39.20,146.66,370,329,248,356
K,201317,3.78,39.10,148.49,366,324,254,352
K,202359,3.80,37.50,150.98,369,329,248,355
K,203402,3.78,38.30,144.77,370,325,255,357
K,204443,3.78,37.30,140.99,374,331,255,362
K,205486,3.78,36.80,138.20,370,331,253,361
K,206528,3.77,35.90,135.18,374,338,259,369
K,207570,3.78,36.40,137.82,375,335,257,361
K,208613,3.78,38.20,145.31,376,327,251,355
K,209654,3.79,40.20,152.28,359,319,243,346
K,210697,3.79,41.10,157.37,356,320,249,340
K,211739,3.79,41.00,156.61,363,327,246,346
K,212782,3.79,40.70,155.09,359,321,248,339
K,213823,3.79,41.30,156.99,359,315,242,344
K,214865,3.79,41.70,158.88,355,317,239,348
K,215908,3.79,41.90,159.05,357,318,243,345
K,216950,3.80,41.40,156.82,356,317,240,340
K,217992,3.79,41.80,158.13,355,325,247,347
K,219034,3.80,42.00,161.12,360,321,245,346
K,220077,3.80,43.10,163.02,352,317,239,342
K,221119,3.80,43.30,161.88,353,314,241,339
K,222161,3.80,43.70,166.44,356,314,235,339
K,223203,3.80,44.00,167.58,352,315,241,341
K,224245,3.80,42.90,160.74,356,316,245,343
K,225288,3.80,41.30,155.47,358,325,243,346
K,226330,3.79,39.50,149.40,361,326,246,354
K,227372,3.80,38.80,145.98,368,329,253,353
K,228414,3.79,37.70,142.66,370,332,253,357
K,229456,3.78,36.20,136.08,377,333,260,369
K,230499,3.78,35.20,133.43,379,344,262,371
K,231540,3.78,34.10,129.76,385,337,267,374
K,232583,3.77,33.20,124.85,389,350,266,377
K,233625,3.77,34.00,126.74,389,351,263,376
K,234668,3.78,34.70,131.03,387,347,262,373
K,235709,3.78,35.80,134.57,384,340,258,364
K,236751,3.78,35.70,134.80,379,342,259,364
K,237794,3.78,36.40,137.74,379,338,260,365
K,238836,3.78,37.00,138.87,373,332,257,366
K,239879,3.79,37.80,143.04,374,334,256,357
K,240920,3.78,37.80,143.57,369,327,255,361
K,241963,3.79,39.00,144.78,368,333,251,357
K,243005,3.79,38.70,147.89,365,329,251,354
K,244047,3.78,38.20,144.48,372,329,260,359
K,245089,3.78,36.90,140.53,373,331,257,359
K,246131,3.79,37.60,142.81,372,329,256,355
K,247174,3.79,39.20,148.65,366,327,254,355
K,248216,3.80,40.30,152.44,359,326,245,350
K,249257,3.80,40.80,155.80,359,319,247,348
K,250300,3.80,40.50,154.12,358,320,248,349
K,251342,3.80,40.10,150.92,369,325,248,353
K,252385,3.80,40.00,152.98,370,326,250,350
K,253426,3.80,42.50,161.67,360,315,246,346
K,254469,3.81,44.80,170.98,350,311,239,340
K,255511,3.81,45.00,172.12,348,312,235,336
K,256553,3.80,44.40,169.08,354,315,238,338
K,257595,3.80,43.70,166.03,356,315,236,345
K,258637,3.81,43.90,167.17,349,314,241,340
K,259680,3.81,44.20,168.31,350,310,241,341
K,260722,3.81,44.30,169.25,347,309,240,342
K,261764,3.81,44.30,170.40,353,312,239,340
K,262806,3.81,45.40,173.06,344,310,239,338
K,263848,3.82,45.40,173.06,343,313,239,337
K,264891,3.81,45.40,173.45,347,310,236,337
K,265933,3.82,45.60,174.21,343,307,237,335
K,266975,3.82,45.50,173.25,345,308,237,337
K,268017,3.81,44.80,169.25,349,313,235,344
K,269060,3.81,43.20,165.65,356,315,241,349
K,270102,3.80,41.70,159.56,361,321,245,346
K,271143,3.80,41.20,156.34,359,320,248,349
K,272186,3.80,41.60,157.49,358,321,243,351
K,273228,3.80,41.80,157.49,362,318,247,347
K,274271,3.80,43.10,162.60,356,321,240,347
K,275313,3.81,44.60,170.78,350,315,240,339
K,276355,3.82,45.40,172.88,345,311,236,336
K,277397,3.81,45.80,173.63,349,311,236,351
K,278439,3.82,45.20,171.72,347,307,241,337
K,279482,3.81,44.60,170.19,348,310,238,339
K,280523,3.81,44.10,168.67,353,313,243,338
K,281566,3.81,43.30,164.68,356,317,237,346
K,282608,3.81,42.10,160.32,357,318,234,345
K,283651,3.80,41.90,158.41,360,324,240,348
K,284693,3.80,41.70,159.17,356,314,246,344
K,285734,3.81,41.70,160.91,356,318,249,348
K,286777,3.81,42.30,160.49,356,320,243,345
K,287819,3.81,41.40,158.41,358,321,241,344
K,288862,3.80,40.30,153.30,365,324,249,349
K,289903,3.80,38.70,149.78,375,328,255,363
K,290946,3.79,36.40,137.50,378,338,261,362
K,291988,3.79,34.20,129.79,384,345,262,373
K,293030,3.78,32.30,121.21,401,359,272,381
K,294072,3.77,30.40,114.67,402,355,282,392
K,295114,3.77,30.00,113.42,404,365,282,396
K,296157,3.77,30.10,113.54,408,364,282,393
K,297199,3.77,29.60,113.16,407,362,283,397
K,298241,3.77,29.20,110.52,412,362,281,398
K,299283,3.77,29.60,112.03,405,368,280,399
K,300325,3.78,30.50,116.30,403,356,279,394
K,301368,3.78,31.70,119.07,400,356,275,388
K,302410,3.78,32.00,120.96,397,356,273,384
K,303452,3.78,32.70,123.98,395,345,272,382
K,304494,3.79,34.10,129.41,383,340,270,378
K,305537,3.79,34.50,131.96,385,343,258,370
K,306579,3.79,35.00,132.58,385,341,265,372
K,307620,3.79,34.80,132.96,385,342,264,379
K,308663,3.79,34.80,130.31,388,343,264,374
K,309705,3.79,34.50,130.69,385,346,265,371
K,310748,3.79,34.90,132.20,385,343,264,374
K,311790,3.79,34.70,131.82,387,344,268,374
K,312832,3.79,35.00,132.96,384,345,264,376
K,313874,3.79,35.50,135.37,384,342,264,369
K,314916,3.79,35.80,133.48,382,346,260,371
K,315959,3.79,34.50,131.82,389,341,262,369
K,317000,3.79,34.00,128.79,388,346,265,378
K,318043,3.78,33.20,124.87,393,351,271,383
K,319085,3.78,31.50,119.20,400,354,274,378
K,320128,3.78,30.50,114.91,404,362,283,389
K,321169,3.78,30.30,114.79,410,368,280,392
K,322211,3.78,30.00,113.66,410,364,277,390
K,323254,3.77,29.40,110.52,409,368,278,398
K,324296,3.77,28.60,106.63,420,372,285,403
K,325338,3.77,27.30,100.61,426,379,299,408
K,326380,3.76,26.00,99.26,434,386,297,420
K,327422,3.76,25.20,94.38,438,386,300,419
K,328465,3.76,25.70,95.03,434,385,300,419
K,329506,3.76,27.60,107.34,427,376,295,409
K,330549,3.76,27.20,99.64,426,380,297,413
K,331591,3.76,26.20,106.70,430,384,299,411
K,332634,3.75,25.80,97.28,429,381,302,413
K,333675,3.76,26.00,96.73,430,385,292,411
K,334717,3.76,25.80,95.40,433,386,297,416
K,335760,3.76,24.80,93.90,442,389,301,427
K,336802,3.76,23.80,89.30,448,396,312,429
K,337844,3.75,23.10,86.30,456,400,311,433
K,338886,3.75,22.80,84.70,454,408,312,436
K,339929,3.75,21.90,81.24,462,409,321,448
K,340971,3.74,20.60,77.42,475,424,332,456
K,342012,3.73,19.40,71.65,485,431,340,468
K,343055,3.72,17.90,67.10,502,446,346,481
K,344097,3.72,17.40,66.29,506,452,347,484
K,345140,3.73,18.00,67.10,500,447,350,477
K,346181,3.74,18.80,70.53,489,431,340,472
K,347224,3.73,19.20,71.65,489,429,337,468
K,348266,3.73,18.90,70.91,488,432,340,472
K,349307,3.73,18.50,70.16,496,440,339,477
K,350350,3.73,17.90,66.36,504,444,352,481
K,351392,3.72,17.40,65.54,510,452,353,488
K,352435,3.74,19.80,73.60,482,427,328,460
K,353476,3.75,22.20,81.71,460,408,316,443
K,354519,3.75,22.80,83.87,458,406,311,438
K,355561,3.75,23.00,85.55,458,404,315,436
K,356602,3.75,24.00,88.92,445,395,306,433
K,357645,3.75,23.80,89.39,447,395,310,430
K,358687,3.76,24.00,89.77,455,398,310,434
K,359730,3.76,24.20,90.80,449,400,308,432
K,360771,3.76,24.30,90.14,443,395,306,429
K,361814,3.75,22.70,84.33,455,405,316,439
K,362856,3.76,24.10,90.14,447,396,306,427
K,363897,3.76,26.50,99.37,430,379,298,417
K,364940,3.77,26.90,101.25,424,381,298,414
K,365982,3.76,25.70,98.03,429,383,293,417
K,367025,3.76,25.20,94.85,433,386,297,421
K,368066,3.76,25.90,95.88,438,385,303,419
K,369108,3.76,25.30,96.26,439,391,298,422
K,370151,3.76,25.60,95.40,436,385,302,423
K,371193,3.76,25.10,95.98,437,387,301,423
K,372235,3.76,25.10,94.10,442,388,298,423
K,373277,3.76,24.40,91.27,446,393,310,434
K,374320,3.75,23.50,88.27,453,405,312,440
K,375362,3.75,23.70,88.92,447,403,310,434
K,376403,3.76,24.60,92.50,438,392,307,431
K,377446,3.76,25.80,95.50,434,385,302,424
K,378488,3.75,26.20,97.49,433,385,301,422
K,379530,3.76,25.30,96.46,435,386,298,421
K,380572,3.76,24.90,93.25,441,389,299,428
K,381615,3.76,24.30,90.52,448,398,310,429
K,382657,3.76,23.90,88.55,448,401,309,431
K,383698,3.76,24.10,90.90,448,398,308,426
K,384741,3.76,24.80,90.99,439,391,298,430
K,385783,3.76,23.70,88.64,452,404,308,435
K,386826,3.75,22.80,86.30,455,409,316,434
K,387867,3.76,23.50,89.02,445,399,313,433
K,388910,3.76,24.70,92.50,440,396,306,425
K,389952,3.76,25.70,96.73,438,387,299,418
K,390993,3.76,24.80,92.12,441,391,308,428
K,392036,3.75,22.70,85.55,451,406,311,441
K,393078,3.75,22.60,84.80,459,411,313,446
K,394121,3.76,23.10,86.39,454,407,309,437
K,395162,3.76,23.80,90.90,447,394,307,427
K,396205,3.76,24.60,91.74,442,396,306,429
K,397247,3.76,24.70,92.50,441,387,298,426
K,398288,3.76,24.60,92.59,441,394,300,426
K,399331,3.76,24.80,94.10,440,394,301,424
K,400373,3.76,25.00,92.50,445,389,301,423
K,401416,3.76,24.80,94.48,437,386,300,423
K,402457,3.76,25.40,95.61,438,385,296,417
K,403500,3.75,24.30,90.99,445,395,307,432
K,404542,3.76,22.50,84.51,456,403,314,443
K,405583,3.75,21.30,81.04,462,411,319,451
K,406626,3.74,19.30,72.18,485,434,333,466
K,407668,3.72,16.70,60.33,522,468,362,506
K,408711,4.26,13.70,58.42,553,490,383,529
K,409752,4.23,13.10,55.97,566,505,399,544
K,410795,4.24,12.70,53.80,566,505,398,550
K,411837,4.24,12.80,56.39,564,505,392,539
K,412879,4.25,13.10,55.12,563,502,392,540
K,413921,4.24,13.00,55.17,560,497,396,545
K,414963,4.23,13.30,55.92,569,498,395,545
K,416006,4.23,12.60,53.37,571,500,396,547
K,417047,4.24,12.80,53.80,564,502,391,541
K,418089,4.25,13.10,56.98,559,494,393,540
K,419132,4.26,13.50,58.84,551,491,386,532
K,420174,4.27,13.60,58.90,553,490,388,529
K,421216,4.26,13.80,58.47,554,492,385,528
K,422258,4.27,13.70,58.84,551,492,383,528
K,423301,4.26,14.00,59.27,547,491,381,530
K,424342,4.26,14.00,61.09,550,485,377,525
K,425384,4.27,14.10,59.86,545,484,377,524
K,426427,4.26,13.90,60.61,548,484,377,525
K,427469,4.29,14.60,61.03,543,481,379,524
K,428511,4.30,14.60,64.26,541,478,377,518
K,429553,3.72,15.60,58.40,532,474,369,511
K,430596,3.72,15.90,59.15,531,469,364,509
K,431638,3.72,16.40,59.89,523,466,365,507
K,432679,3.72,15.50,59.21,529,473,366,512
K,433722,3.72,15.90,59.52,533,470,367,512
K,434764,3.72,15.90,59.21,524,469,369,513
K,435806,3.72,16.00,61.07,529,468,365,506
K,436848,3.72,16.40,59.96,524,466,371,506
K,437891,3.72,16.10,59.89,526,472,371,507
K,438933,3.73,16.20,60.70,523,463,370,508
K,439974,3.72,16.40,62.94,522,470,364,505
K,441017,3.72,16.40,61.07,524,468,362,506
K,442059,3.72,16.20,60.33,529,467,367,506
K,443102,3.72,16.00,60.39,525,469,364,506
K,444143,3.72,15.90,59.52,531,474,370,515
K,445186,3.72,15.50,57.35,541,480,373,519
K,446228,4.29,14.60,62.12,549,484,379,527
K,447270,4.27,14.00,60.78,553,490,388,528
K,448312,4.26,13.70,58.53,553,491,394,536
K,449354,4.25,13.40,57.08,564,499,393,540
K,450397,4.25,13.10,56.07,570,506,401,550
K,451438,4.24,12.70,54.75,573,511,401,555
K,452481,4.22,12.50,54.86,581,515,405,556
K,453523,4.23,12.30,52.80,591,518,413,563
K,454565,4.20,12.00,49.56,593,529,420,573
K,455607,4.20,11.50,49.09,602,530,423,581
K,456649,4.20,11.60,48.25,605,539,426,580
K,457692,4.18,11.40,47.32,611,540,427,583
K,458733,4.18,11.00,46.44,619,548,433,588
K,459776,4.17,10.70,46.26,619,548,438,598
K,460818,4.17,10.60,45.43,623,555,441,598
K,461860,4.16,10.80,43.26,628,557,440,598
K,462902,4.17,10.40,43.26,633,559,445,601
K,463944,4.16,10.20,42.43,633,561,446,609
K,464987,4.16,9.90,43.10,634,561,449,615
K,466028,4.14,10.20,40.99,642,568,452,612
K,467070,4.15,10.20,40.57,644,570,453,615
K,468113,4.14,10.00,41.44,641,570,453,616
K,469155,4.14,10.00,41.36,642,570,450,615
K,470197,4.14,9.70,40.12,645,570,453,617
K,471239,4.13,9.60,39.71,646,569,458,617
K,472282,4.13,9.80,40.53,642,569,458,618
K,473323,4.14,9.70,40.16,643,570,455,619
K,474365,4.14,9.70,40.12,649,571,457,618
K,475408,4.14,9.50,40.16,653,576,458,616
K,476449,4.13,9.60,40.53,656,575,462,622
K,477492,4.13,9.60,39.29,654,577,459,625
K,478534,4.13,9.20,39.25,652,579,462,627
K,479576,4.13,9.50,38.80,654,584,468,632
K,480618,4.13,9.30,38.32,660,586,466,627
K,481660,4.12,9.40,38.77,659,586,463,632
K,482702,4.12,9.10,38.73,663,581,472,631
K,483744,4.12,9.30,37.90,664,586,472,634
K,484787,4.12,9.10,37.04,665,586,470,635
K,485828,4.12,9.20,36.26,666,586,468,633
K,486871,4.12,9.00,36.63,670,590,476,639
K,487913,4.11,9.00,36.56,674,592,478,639
K,488954,4.11,8.70,37.01,671,590,480,641
K,489997,4.10,9.20,35.33,674,594,481,645
K,491039,4.10,8.90,35.29,677,590,485,643
K,492081,4.10,8.70,36.90,682,600,483,650
K,493123,4.10,8.70,35.23,685,604,485,652
K,494166,4.10,8.80,36.04,679,600,485,651
K,495207,4.09,8.60,35.23,686,597,489,655
K,496249,4.09,8.80,35.23,685,597,487,648
K,497292,4.09,8.80,34.37,689,604,488,653
K,498333,4.10,8.70,35.16,687,606,490,656
K,499376,4.10,8.40,34.34,688,598,491,654
K,500418,4.10,8.50,33.52,687,602,485,654
K,501459,4.10,8.70,33.96,690,605,491,658
K,502502,4.09,8.90,34.37,687,602,488,651
K,503544,4.10,8.60,35.64,690,600,488,649
K,504586,4.08,8.50,34.41,691,604,495,653
K,505628,4.08,8.30,33.90,697,610,495,663
K,506671,4.08,8.50,33.05,698,611,501,663
K,507712,4.08,8.40,34.34,693,606,497,661
K,508754,4.08,8.10,34.78,696,611,495,661
K,509797,4.09,8.20,33.90,695,604,497,659
K,510838,4.09,8.30,33.08,695,611,496,660
K,511881,4.09,8.10,33.90,699,602,494,662
K,512923,4.08,8.40,34.75,695,608,495,662
K,513965,4.08,8.30,34.34,696,610,499,659
K,515007,4.09,8.50,33.90,697,611,497,663
K,516049,4.08,8.50,33.93,696,610,499,660
K,517091,4.08,8.40,34.00,693,607,496,661
K,518133,4.09,8.30,33.08,697,607,498,658
K,519175,4.09,8.50,33.49,697,604,494,658
K,520217,4.09,8.30,33.90,699,605,497,658
K,521260,4.09,8.30,34.31,697,609,493,658
K,522301,4.09,8.40,33.08,699,607,494,657
K,523343,4.09,8.30,33.93,697,602,497,656
K,524386,4.09,8.30,34.75,694,608,497,654
K,525427,4.09,8.40,33.96,699,603,495,654
K,526470,4.09,8.40,34.82,688,605,495,655
K,527512,4.09,8.60,34.41,696,601,492,656
K,528553,4.08,8.50,33.11,694,604,496,660
K,529596,4.08,7.80,33.96,696,603,498,657
K,530638,4.09,8.50,34.31,693,601,493,661
K,531680,4.09,8.10,34.34,697,605,495,656
K,532722,4.09,8.40,33.93,696,602,498,654
K,533765,4.09,8.40,34.71,695,601,492,656
K,534806,4.08,8.30,35.16,697,608,499,659
K,535848,4.09,8.60,34.78,695,601,493,655
K,536891,4.09,8.40,33.49,698,601,494,659
K,537932,4.09,8.40,33.52,697,604,495,653
K,538975,4.09,8.10,34.37,694,602,496,656
K,540017,4.09,8.40,34.34,695,604,497,657
K,541059,4.10,8.40,34.71,692,605,493,652
K,542101,4.09,8.30,34.75,696,602,496,656
K,543142,4.08,8.50,34.78,696,601,496,654
K,544185,4.09,8.10,34.31,693,604,497,651
K,545227,4.08,8.40,33.11,701,600,494,656
K,546269,4.09,8.40,33.08,695,603,495,654
K,547311,4.09,8.10,33.08,694,605,499,656
K,548354,4.08,8.50,34.75,700,602,492,660
K,549395,4.09,8.50,34.31,696,601,495,650
K,550437,4.09,8.50,34.41,693,599,495,653
K,551480,4.09,8.40,34.78,691,600,492,652
K,552521,4.09,8.40,34.75,695,603,499,651
K,553564,4.10,8.40,34.78,692,599,489,652
K,554606,4.10,8.40,34.41,690,600,491,649
K,555648,4.10,8.40,34.44,691,595,491,650
K,556690,4.10,8.50,35.26,689,598,493,646
K,557732,4.10,8.40,34.78,689,598,489,649
K,558774,4.10,8.60,35.23,687,596,489,650
K,559816,4.10,8.50,35.70,689,594,487,647
K,560859,4.10,8.60,35.23,688,603,490,647
K,561900,4.10,8.80,35.67,689,591,491,646
K,562942,4.10,8.50,35.29,686,594,493,646
K,563984,4.10,8.50,34.85,684,595,488,647
K,565026,4.10,8.70,35.70,688,594,488,644
K,566069,4.10,8.60,34.88,685,594,486,643
K,567110,4.10,8.50,35.33,683,594,483,638
K,568153,4.10,8.70,36.94,682,591,482,642
K,569195,4.10,8.80,36.19,681,590,483,643
K,570236,4.10,8.70,36.56,683,584,484,643
K,571279,4.11,8.90,36.15,684,582,481,640
K,572321,4.11,9.00,36.97,678,586,480,633
K,573363,4.12,9.00,35.77,676,583,480,636
K,574405,4.11,9.00,35.81,669,585,476,637
K,575448,4.12,9.00,37.46,671,581,476,632
K,576489,4.12,9.00,37.53,668,576,473,630
K,577531,4.12,9.40,37.98,667,574,472,628
K,578574,4.12,9.00,37.56,665,573,469,630
K,579615,4.13,9.50,37.60,661,571,464,626
K,580658,4.13,9.60,38.46,661,567,465,623
K,581700,4.14,9.40,40.12,651,568,465,620
K,582742,4.14,9.80,40.65,652,560,462,615
K,583784,4.15,9.70,40.57,651,565,459,611
K,584826,4.14,9.70,39.41,650,567,464,612
K,585868,4.14,9.70,40.95,654,567,464,610
K,586910,4.14,9.60,40.65,647,566,462,609
K,587953,4.15,9.80,40.69,646,559,456,607
K,588994,4.16,10.10,42.02,640,560,455,602
K,590036,4.16,10.20,42.43,636,548,450,600
K,591079,4.16,10.30,42.02,639,550,452,598
K,592121,4.17,10.30,42.43,634,550,445,597
K,593163,4.16,10.10,41.68,634,546,444,595
K,594205,4.17,10.50,44.22,630,546,446,596
K,595248,4.18,10.40,44.22,625,547,437,589
K,596289,4.18,10.70,44.68,624,546,442,590
K,597331,4.19,10.60,44.73,618,536,437,589
K,598374,4.19,11.20,46.16,614,530,427,579
K,599416,4.20,11.40,48.02,602,528,425,573
S,0,35.64,663,618,443,667,0,0
S,1,36.97,656,613,440,655,0,0
S,2,37.56,646,594,441,644,0,0
S,3,39.25,641,587,439,632,0,0
S,4,39.71,634,574,442,630,0,0
S,5,40.53,638,572,437,624,0,0
S,6,40.53,640,565,445,622,0,0
S,7,39.25,650,566,451,628,0,0
S,8,38.77,659,564,457,630,0,0
S,9,37.12,669,571,467,638,0,0
S,10,36.97,682,577,475,646,0,0
S,11,34.78,695,583,490,658,0,0
S,12,32.20,715,596,509,673,0,0
S,13,30.86,732,608,523,686,0,0
S,14,29.12,756,624,542,705,0,0
S,15,26.16,791,639,567,720,0,0
S,16,23.62,828,661,599,750,0,0
S,17,22.27,872,681,639,777,0,0
S,18,19.78,930,712,678,814,0,0
S,19,16.91,995,739,743,851,0,0
S,20,16.01,1080,775,814,905,0,0
S,21,12.42,1186,822,898,960,0,0
S,22,11.56,1325,884,1009,1039,0,0
S,23,9.18,1502,958,1135,1126,0,0
S,24,7.98,1685,1045,1253,1230,0,0
S,0,14.77,1198,828,824,926,0,0
S,1,16.04,1097,782,776,883,0,0
S,2,17.69,1032,746,734,844,0,0
S,3,18.57,969,707,686,802,0,0
S,4,21.07,906,689,645,766,0,0
S,5,23.22,858,664,606,738,0,0
S,6,26.16,815,642,572,714,0,0
S,7,28.74,781,621,553,685,0,0
S,8,31.29,743,598,523,669,0,0
S,9,33.15,718,586,507,657,0,0
S,10,36.12,695,574,485,642,0,0
S,11,38.39,673,562,470,629,0,0
S,12,40.16,655,552,456,605,0,0
S,13,42.39,640,545,447,602,0,0
S,14,44.31,627,540,437,592,0,0
S,15,44.44,618,527,429,587,0,0
S,16,47.41,606,526,420,579,0,0
S,17,47.46,596,528,412,579,0,0
S,18,48.86,594,521,411,572,0,0
S,19,48.95,587,527,403,573,0,0
S,20,49.70,585,524,398,574,0,0
S,21,51.44,584,531,399,573,0,0
S,22,49.65,584,540,401,577,0,0
S,23,47.93,585,542,401,590,0,0
S,24,47.41,589,556,402,597,0,0
S,0,55.33,551,513,376,553,0,0
S,1,57.73,545,513,371,546,0,0
S,2,58.37,541,502,375,537,0,0
S,3,61.38,543,492,372,535,0,0
S,4,60.57,538,488,370,529,0,0
S,5,61.49,536,486,364,524,0,0
S,6,62.47,537,482,370,522,0,0
S,7,62.78,537,482,376,526,0,0
S,8,61.06,543,482,375,525,0,0
S,9,61.06,545,483,377,528,0,0
S,10,60.03,550,482,382,530,0,0
S,11,59.55,553,488,389,534,0,0
S,12,58.15,565,488,392,537,0,0
S,13,56.02,573,492,393,539,0,0
S,14,54.48,579,498,410,551,0,0
S,15,53.47,589,505,415,559,0,0
S,16,51.21,604,513,426,561,0,0
S,17,50.64,615,519,433,573,0,0
S,18,47.55,624,519,442,582,0,0
S,19,46.11,637,527,457,588,0,0
S,20,42.97,653,536,461,599,0,0
S,21,42.47,668,541,471,611,0,0
S,22,41.07,685,554,485,620,0,0
S,23,38.77,706,562,492,637,0,0
S,24,34.92,724,571,501,645,0,0
S,0,55.75,584,491,400,536,0,0
S,1,58.21,577,483,402,538,0,0
S,2,59.17,574,481,398,526,0,0
S,3,60.57,567,473,392,519,0,0
S,4,62.09,560,472,389,517,0,0
S,5,56.54,555,468,386,516,0,0
S,6,58.47,544,467,380,508,0,0
S,7,59.96,539,455,376,501,0,0
S,8,60.39,534,459,367,500,0,0
S,9,62.26,525,455,367,497,0,0
S,10,63.44,517,452,362,488,0,0
S,11,64.56,511,446,354,487,0,0
S,12,66.06,511,447,353,484,0,0
S,13,67.18,504,447,349,482,0,0
S,14,67.62,497,441,344,477,0,0
S,15,68.74,496,437,342,474,0,0
S,16,69.12,487,437,341,480,0,0
S,17,70.31,487,437,334,474,0,0
S,18,70.24,484,440,332,479,0,0
S,19,69.56,486,443,336,474,0,0
S,20,70.69,484,448,332,478,0,0
S,21,68.37,483,449,329,475,0,0
S,22,69.86,489,449,329,476,0,0
S,23,68.74,482,455,330,485,0,0
S,24,68.37,483,453,332,488,0,0
R,70.69,20,110,0,0,0,0,0
K,600458,3.74,20.50,76.75,471,437,322,467
K,633058,3.75,20.90,78.33,466,431,315,460
K,634100,3.75,21.60,81.79,460,422,311,454
K,635143,3.76,22.90,86.01,448,411,307,447
K,636185,3.76,23.60,89.58,445,414,306,441
K,637227,3.76,23.60,89.49,447,408,312,440
K,638269,3.76,23.90,90.71,442,409,299,438
K,639311,3.76,24.90,91.84,436,398,300,434
K,640353,3.77,25.20,95.71,435,399,299,430
K,641395,3.76,24.90,95.40,430,392,294,425
K,642438,3.77,26.20,96.84,431,398,292,422
K,643480,3.77,25.90,97.97,424,394,295,428
K,644521,3.76,25.70,97.04,433,396,295,427
K,645564,3.78,26.00,97.42,430,395,292,426
K,646606,3.78,27.00,103.08,419,389,284,418
K,647648,3.78,28.50,107.35,412,381,282,411
K,648690,3.78,29.30,110.49,405,377,282,410
K,649733,3.78,29.50,112.76,401,373,279,410
K,650775,3.79,30.20,114.78,404,374,273,403
K,651817,3.79,30.20,113.64,408,373,281,406
K,652859,3.79,30.40,112.88,404,372,277,394
K,653901,3.78,29.60,113.64,405,373,281,403
K,654944,3.78,29.20,111.25,414,380,279,405
K,655986,3.78,28.80,108.86,411,381,279,409
K,657028,3.78,27.90,105.08,414,382,283,417
K,658070,3.78,27.60,103.57,421,384,293,414
K,659112,3.78,27.40,102.71,421,384,288,416
K,660155,3.78,26.80,102.06,423,389,289,418
K,661196,3.78,26.20,98.83,425,392,296,421
K,662239,3.77,25.50,92.79,431,398,301,431
K,663281,3.77,24.60,90.53,438,397,295,430
K,664324,3.78,25.40,96.29,431,392,295,432
K,665365,3.77,25.70,96.56,428,396,296,423
K,666407,3.78,26.80,100.06,426,394,292,421
K,667450,3.78,26.90,101.95,421,385,281,421
K,668492,3.78,27.40,103.19,414,387,284,418
K,669534,3.78,28.00,104.82,422,387,288,415
K,670576,3.78,28.20,106.33,416,380,287,410
K,671619,3.78,28.90,108.60,407,377,278,408
K,672661,3.78,29.50,112.12,408,376,280,405
K,673702,3.79,30.50,114.90,403,371,281,407
K,674745,3.79,30.10,114.52,400,381,274,399
K,675787,3.79,30.20,115.66,404,372,277,403
K,676830,3.79,30.40,114.52,405,370,273,401
K,677871,3.79,29.70,112.88,409,375,274,406
K,678914,3.78,26.80,102.44,424,396,289,425
K,679956,3.79,23.60,97.21,437,398,300,424
K,680998,3.78,27.30,103.95,418,386,283,416
K,682040,3.78,27.80,104.82,416,382,284,410
K,683082,3.78,26.20,98.93,426,393,286,426
K,684125,3.76,23.00,87.42,443,409,306,441
K,685167,3.75,18.90,71.59,479,443,333,475
K,686209,3.74,17.20,62.76,503,463,350,495
K,687251,3.74,16.70,62.76,504,467,351,500
K,688293,3.75,18.40,68.89,486,447,337,483
K,689336,3.76,20.90,78.50,463,431,325,455
K,690377,3.77,24.20,92.22,438,398,302,434
K,691420,3.79,29.00,109.09,410,375,283,408
K,692462,3.80,31.00,117.93,403,364,273,395
K,693505,3.80,32.70,125.02,390,361,272,386
K,694546,3.80,33.30,126.67,386,353,267,389
K,695588,3.80,33.80,127.43,391,359,269,386
K,696631,3.81,34.10,129.47,382,353,262,385
K,697673,3.80,34.30,131.00,386,353,263,389
K,698715,3.80,34.00,129.09,381,354,264,385
K,699757,3.81,34.10,129.85,383,354,264,383
K,700800,3.81,34.30,130.23,382,350,264,387
K,701842,3.81,34.30,130.23,378,353,267,379
K,702883,3.81,34.10,128.71,384,354,265,385
K,703926,3.81,34.20,130.23,386,358,267,384
K,704968,3.81,33.80,128.71,389,352,266,385
K,706011,3.81,33.90,127.57,380,358,266,386
K,707053,3.80,32.90,126.29,389,356,271,390
K,708094,3.80,33.00,125.15,390,360,266,382
K,709137,3.81,32.90,123.76,390,361,263,386
K,710179,3.80,32.80,126.43,393,361,271,386
K,711222,3.80,32.80,124.39,391,365,266,386
K,712263,3.80,32.60,123.63,396,365,271,391
K,713306,3.80,31.80,121.35,394,365,271,396
K,714348,3.80,31.30,117.80,401,368,271,400
K,715390,3.80,30.70,115.90,401,369,277,401
K,716432,3.80,29.60,113.50,405,376,273,407
K,717474,3.79,29.40,111.86,405,376,277,405
K,718517,3.79,29.40,111.11,411,378,277,410
K,719559,3.80,28.80,108.83,408,385,283,410
K,720602,3.79,28.20,107.31,411,385,281,414
K,721643,3.79,27.40,103.30,420,381,281,416
K,722685,3.78,26.50,99.52,425,392,299,425
K,723728,3.78,25.10,94.50,431,397,300,436
K,724770,3.77,23.00,87.51,445,411,310,443
K,725812,3.76,20.50,77.75,470,435,330,466
K,726854,3.75,19.20,71.29,483,442,335,478
K,727897,3.76,19.70,73.99,477,436,328,471
K,728938,3.76,21.60,80.17,462,421,321,456
K,729980,3.76,21.60,81.68,460,420,315,456
K,731023,3.76,21.90,84.03,455,417,314,453
K,732065,3.77,22.80,86.29,447,406,307,445
K,733107,3.77,23.00,86.76,450,418,306,443
K,734149,3.76,21.50,82.52,460,428,315,461
K,735192,3.76,20.10,75.20,476,437,325,470
K,736233,3.75,18.70,70.91,482,447,338,484
K,737275,3.76,19.40,72.41,483,440,327,473
K,738318,3.75,18.60,68.96,484,445,337,482
K,739360,3.75,19.20,72.04,484,448,331,476
K,740402,3.77,23.90,90.53,439,406,311,438
K,741444,3.79,28.60,108.83,413,375,279,406
K,742487,3.80,30.70,117.04,403,371,271,397
K,743528,3.80,30.70,117.04,404,366,279,399
K,744570,3.80,29.10,111.11,406,381,280,410
K,745613,3.81,33.00,123.76,392,360,270,391
K,746655,3.82,36.60,145.01,372,340,251,369
K,747698,3.82,36.40,141.11,369,345,257,368
K,748739,3.81,33.30,126.56,388,358,266,386
K,749782,3.79,28.70,108.83,413,383,284,408
K,750824,3.80,29.90,113.62,402,370,273,400
K,751866,3.82,36.00,135.99,376,349,259,373
K,752908,3.80,30.50,114.00,405,371,277,403
K,753950,3.78,27.60,97.45,433,400,295,429
K,754993,3.79,26.60,102.28,418,390,291,417
K,756035,3.78,23.70,90.72,442,408,305,438
K,757076,3.77,22.60,85.62,449,411,308,444
K,758119,3.80,29.40,110.58,406,372,280,402
K,759161,3.80,29.60,112.48,404,369,275,403
K,760204,3.82,34.20,132.03,382,348,254,385
K,761245,3.84,41.50,158.43,357,329,242,358
K,762288,3.84,43.90,169.14,342,316,240,351
K,763330,3.84,43.40,167.21,352,319,240,347
K,764372,3.85,44.90,172.39,349,320,238,347
K,765414,3.85,45.70,174.90,347,314,235,341
K,766456,3.85,45.80,174.11,345,319,235,349
K,767499,3.84,44.00,173.91,344,317,234,343
K,768541,3.85,46.50,176.62,345,318,234,348
K,769584,3.86,46.40,179.12,347,315,232,342
K,770625,3.86,46.70,180.85,340,315,234,338
K,771667,3.86,46.80,180.46,341,315,231,344
K,772710,3.86,46.80,180.46,341,318,230,343
K,773752,3.86,47.00,181.23,347,313,229,345
K,774794,3.86,46.80,180.46,341,312,236,340
K,775836,3.86,47.20,182.00,344,313,232,338
K,776879,3.86,47.30,182.00,343,315,231,341
K,777921,3.86,47.30,182.77,340,317,228,335
K,778963,3.86,47.50,182.96,341,316,233,343
K,780005,3.86,47.00,182.58,337,314,232,339
K,781047,3.86,47.10,180.08,336,315,231,336
K,782090,3.86,47.30,181.62,339,317,230,341
K,783132,3.86,46.90,181.22,344,316,229,341
K,784174,3.86,46.80,179.88,341,315,237,344
K,785216,3.86,46.70,180.08,341,318,234,342
K,786258,3.86,46.60,178.35,342,310,230,343
K,787301,3.86,46.40,176.60,344,325,235,341
K,788342,3.85,45.50,180.47,345,315,233,338
K,789385,3.84,45.50,173.67,345,319,237,339
K,790427,3.85,43.90,174.11,343,321,236,344
K,791470,3.86,44.90,174.11,346,317,236,343
K,792512,3.85,45.10,173.13,348,322,232,346
K,793553,3.86,44.80,172.36,349,319,236,344
K,794596,3.86,44.00,169.87,342,327,241,349
K,795638,3.85,43.40,167.39,347,327,239,346
K,796681,3.85,43.40,166.79,350,324,241,355
K,797722,3.85,43.30,167.56,351,318,239,350
K,798765,3.85,43.40,166.41,354,327,241,349
K,799807,3.85,43.00,166.41,358,323,240,352
K,800849,3.85,42.90,165.25,351,321,238,350
K,801891,3.85,42.10,163.92,354,325,241,354
K,802933,3.85,42.30,160.24,358,330,249,352
K,803976,3.85,41.70,160.85,361,325,243,359
K,805018,3.85,41.70,160.08,359,329,246,351
K,806061,3.85,41.60,160.46,356,325,240,356
K,807102,3.85,42.10,162.55,356,323,240,353
K,808144,3.85,42.20,162.39,355,331,242,351
K,809187,3.85,42.20,162.94,352,326,239,352
K,810229,3.85,42.30,162.55,354,326,239,353
K,811271,3.85,42.30,160.63,356,324,244,351
K,812313,3.85,42.10,160.85,356,330,246,352
K,813356,3.85,42.00,161.78,357,331,245,354
K,814398,3.85,42.30,162.34,354,330,244,354
K,815439,3.85,43.30,166.58,355,319,243,350
K,816482,3.86,43.10,166.41,354,328,234,348
K,817524,3.85,43.60,166.96,354,321,241,349
K,818567,3.86,43.10,166.41,351,323,239,350
K,819609,3.86,42.50,164.87,353,328,241,355
K,820651,3.85,42.80,164.27,351,322,240,344
K,821693,3.86,43.20,167.14,351,322,240,350
K,822735,3.86,43.60,168.12,352,322,240,351
K,823778,3.86,43.80,169.28,349,319,238,349
K,824819,3.86,43.50,166.96,349,325,244,350
K,825862,3.86,43.80,168.68,349,326,242,349
K,826904,3.86,43.80,170.23,349,320,236,347
K,827947,3.86,44.00,171.18,350,321,238,347
K,828988,3.86,44.40,171.38,347,321,237,346
K,830030,3.86,44.40,171.38,347,323,241,346
K,831073,3.86,44.30,170.61,347,317,238,344
K,832115,3.86,44.40,173.11,347,318,236,342
K,833157,3.86,44.90,173.11,342,318,236,346
K,834199,3.87,45.10,173.91,342,316,232,343
K,835241,3.87,44.70,173.88,345,318,237,343
K,836284,3.87,45.30,177.93,349,319,238,340
K,837326,3.86,46.10,175.99,349,317,236,346
K,838368,3.86,46.10,176.97,345,317,236,345
K,839410,3.86,46.10,176.58,343,317,234,344
K,840453,3.86,45.90,175.99,344,319,233,342
K,841495,3.86,47.20,176.38,343,321,238,343
K,842536,3.88,45.90,170.76,346,319,235,345
K,843579,3.85,45.50,170.61,345,322,241,340
K,844621,3.87,46.10,172.93,346,317,235,345
K,845664,3.86,46.10,176.22,348,318,239,342
K,846705,3.87,45.20,175.22,340,317,232,346
K,847748,3.86,45.70,175.81,343,321,235,340
K,848790,3.87,46.00,182.75,345,321,234,347
K,849832,3.87,45.70,170.76,343,319,236,340
K,850874,3.86,46.00,177.34,351,316,230,346
K,851916,3.87,45.90,178.31,344,319,235,341
K,852959,3.87,46.00,178.31,345,318,233,343
K,854001,3.87,46.00,177.54,339,320,237,339
K,855044,3.87,45.80,178.70,341,316,240,348
K,856085,3.87,46.40,179.48,342,315,233,346
K,857127,3.87,46.40,178.89,343,320,234,338
K,858170,3.87,46.00,178.31,345,315,236,345
K,859212,3.87,45.90,177.93,343,325,233,341
K,860254,3.88,44.30,171.38,342,317,234,341
K,861296,3.86,45.10,173.47,348,315,232,342
K,862339,3.87,45.20,174.27,342,320,237,341
K,863381,3.86,45.10,173.49,352,326,236,349
K,864422,3.87,44.90,173.85,347,328,237,347
K,865465,3.87,45.30,173.67,341,318,237,340
K,866507,3.87,45.50,176.95,347,317,235,344
K,867550,3.87,45.20,172.69,341,319,236,339
K,868592,3.87,46.90,180.05,343,312,230,344
K,869634,3.87,46.60,179.27,343,314,236,340
K,870676,3.88,46.70,180.23,343,319,229,334
K,871718,3.88,47.10,180.23,342,314,229,337
K,872761,3.88,47.10,182.56,337,317,231,339
K,873802,3.88,47.30,182.56,340,315,230,344
K,874845,3.88,47.40,184.50,343,310,230,337
K,875887,3.88,47.40,184.50,340,312,233,338
K,876930,3.88,47.60,183.72,339,318,230,341
K,877972,3.88,47.60,183.52,340,315,228,337
K,879013,3.88,47.70,184.69,341,317,228,336
K,880056,3.88,48.00,185.85,338,313,230,332
K,881098,3.88,48.10,187.02,337,309,233,335
K,882141,3.88,48.20,187.02,337,314,231,335
K,883182,3.88,48.40,188.18,338,312,232,333
K,884225,3.88,48.80,189.34,335,315,230,331
K,885267,3.88,48.70,190.12,336,312,230,334
K,886309,3.88,49.30,190.51,333,310,228,329
K,887351,3.88,48.60,189.15,336,307,229,335
K,888393,3.88,48.90,188.96,338,312,229,331
K,889436,3.88,48.80,189.93,336,303,231,336
K,890478,3.88,49.20,189.54,338,311,224,330
K,891521,3.88,49.00,189.54,333,313,228,332
K,892562,3.89,48.90,191.29,333,306,227,337
K,893604,3.88,48.70,189.35,333,312,228,340
K,894647,3.88,48.50,188.76,341,312,231,336
K,895689,3.88,48.30,188.76,335,314,234,338
K,896731,3.88,48.20,187.21,339,314,229,336
K,897773,3.88,48.00,185.08,335,314,230,332
K,898816,3.88,48.10,187.02,336,313,233,338
K,899858,3.88,47.60,184.69,342,317,227,335
K,900899,3.88,47.30,183.71,337,319,230,338
K,901942,3.88,47.20,182.94,340,316,231,337
K,902984,3.88,47.60,184.88,339,315,238,340
K,904027,3.88,47.50,184.49,340,311,235,340
K,905068,3.89,47.40,184.10,336,315,228,335
K,906110,3.88,47.70,184.10,341,313,232,336
K,907153,3.88,48.10,187.21,337,310,231,338
K,908195,3.89,48.20,187.21,335,315,230,340
K,909238,3.88,48.00,187.60,339,311,233,332
K,910279,3.88,48.30,188.18,337,313,230,331
K,911322,3.89,48.20,187.40,334,312,233,338
K,912364,3.89,48.10,186.43,339,306,229,330
K,913406,3.88,48.00,186.04,340,310,225,334
K,914448,3.88,48.00,186.43,339,314,235,330
K,915490,3.88,48.10,186.62,338,315,234,333
K,916533,3.89,48.30,187.21,338,313,231,334
K,917575,3.89,48.00,186.62,334,309,233,328
K,918617,3.88,48.10,186.82,337,309,229,335
K,919659,3.88,48.00,187.01,336,315,228,330
K,920701,3.89,48.20,186.24,335,309,230,338
K,921744,3.89,48.10,187.40,338,310,229,336
K,922786,3.89,48.10,187.79,337,312,232,335
K,923828,3.89,48.60,188.57,337,313,228,335
K,924870,3.89,48.80,189.93,332,305,232,326
K,925913,3.89,49.00,190.51,337,309,226,332
K,926955,3.89,49.10,191.49,335,314,226,332
K,927996,3.89,49.20,191.88,332,308,230,330
K,929039,3.89,49.50,192.07,331,306,229,329
K,930081,3.89,49.40,192.26,330,314,225,331
K,931124,3.90,49.60,193.04,332,310,226,327
K,932165,3.90,49.50,192.65,335,306,227,335
K,933208,3.89,49.30,191.88,334,311,224,330
K,934250,3.89,49.10,192.46,339,307,228,324
K,935292,3.90,49.20,191.49,334,309,223,331
K,936334,3.89,49.10,190.71,335,309,227,335
K,937376,3.89,48.70,189.93,331,315,226,332
K,938419,3.89,48.70,190.32,336,304,230,334
K,939461,3.89,48.70,190.51,342,309,227,328
K,940504,3.89,48.80,189.74,335,313,234,337
K,941545,3.90,49.10,190.90,335,312,229,330
K,942587,3.90,48.90,189.74,333,313,225,331
K,943630,3.89,48.90,188.57,334,308,226,337
K,944672,3.89,48.50,190.32,334,310,226,331
K,945714,3.89,48.50,188.96,336,312,229,334
K,946756,3.90,48.70,189.93,339,305,230,331
K,947799,3.89,48.60,189.15,337,310,226,336
K,948841,3.90,49.00,189.35,338,310,231,337
K,949882,3.89,48.60,191.49,335,307,227,336
K,950925,3.90,48.70,192.46,337,312,230,330
K,951967,3.90,49.00,190.90,331,307,227,333
K,953010,3.90,48.80,191.10,335,307,229,334
K,954051,3.90,49.00,189.74,342,311,229,331
K,955094,3.90,48.80,189.74,338,306,225,332
K,956136,3.90,48.60,189.74,337,309,223,337
K,957178,3.90,49.00,191.68,336,309,225,336
K,958221,3.90,48.60,189.93,339,307,229,331
K,959262,3.90,48.70,190.12,337,310,232,334
K,960305,3.90,48.70,189.74,334,310,232,334
K,961347,3.90,48.70,189.35,336,307,230,334
K,962390,3.89,48.20,187.40,336,313,228,334
K,963431,3.90,48.40,188.37,344,316,234,334
K,964473,3.90,48.10,188.18,337,312,230,337
K,965516,3.90,48.10,187.21,338,313,231,334
K,966558,3.90,48.30,186.62,340,312,229,336
K,967600,3.90,48.40,188.76,336,314,222,335
K,968642,3.90,48.30,188.57,340,313,227,335
K,969684,3.90,48.20,187.98,338,309,232,338
K,970727,3.90,48.20,187.79,339,310,229,333
K,971768,3.90,48.00,187.79,336,313,226,334
K,972811,3.90,48.20,187.01,340,315,234,335
K,973853,3.90,48.10,185.84,342,314,231,330
K,974896,3.88,42.50,169.56,343,317,226,338
K,975938,3.90,47.70,187.20,339,315,235,334
K,976979,3.90,47.90,186.23,341,310,232,337
K,978022,3.90,47.90,186.62,341,316,233,332
K,979064,3.90,47.00,182.15,342,318,228,340
K,980107,3.90,47.90,188.37,336,310,235,337
K,981148,3.90,48.40,188.57,338,314,227,334
K,982191,3.90,48.50,188.76,335,309,232,335
K,983233,3.90,48.90,191.10,340,310,230,331
K,984275,3.90,49.00,190.52,337,313,228,329
K,985317,3.90,48.90,190.71,332,305,231,329
K,986359,3.90,48.10,187.20,340,313,227,337
K,987402,3.90,47.20,184.28,344,318,234,338
K,988444,3.90,48.50,189.54,336,313,228,339
K,989486,3.90,48.80,189.73,334,307,232,333
K,990528,3.90,49.10,191.69,337,307,230,334
K,991570,3.90,48.80,190.91,339,307,232,329
K,992613,3.90,49.00,190.91,329,312,229,331
K,993655,3.90,48.60,190.71,336,310,232,334
K,994697,3.90,48.50,192.08,333,311,230,333
K,995739,3.90,48.50,190.12,334,311,229,332
K,996782,3.90,48.50,189.73,332,310,230,335
K,997824,3.90,48.30,188.17,341,313,230,337
K,998865,3.90,49.10,191.30,336,310,225,336
K,999908,3.91,49.40,195.20,333,308,227,335
K,1000950,3.91,49.70,192.47,336,314,228,334
K,1001993,3.91,49.30,192.47,336,306,228,331
K,1003035,3.90,49.60,193.25,334,312,226,330
K,1004077,3.90,49.60,194.23,339,315,228,331
K,1005119,3.90,50.00,193.06,341,307,228,329
K,1006161,3.90,49.70,195.40,332,309,224,331
K,1007204,3.91,49.70,194.62,336,304,229,328
K,1008245,3.91,49.80,193.64,331,308,228,335
K,1009288,3.91,50.00,194.62,331,307,225,332
K,1010330,3.91,50.00,195.60,332,305,227,330
K,1011373,3.91,49.90,196.18,330,302,227,328
K,1012415,3.91,50.00,195.79,331,301,228,333
K,1013456,3.91,50.10,196.18,338,308,226,326
K,1014499,3.91,50.40,196.77,331,307,227,331
K,1015541,3.91,50.30,195.40,328,302,228,334
K,1016584,3.91,50.10,195.60,330,304,227,330
K,1017626,3.91,50.00,195.98,330,310,226,329
K,1018669,3.91,50.20,196.18,333,308,222,331
K,1019710,3.91,50.10,197.16,330,306,222,329
K,1020752,3.91,50.40,196.18,331,302,229,332
K,1021795,3.91,50.20,196.38,329,305,228,330
K,1022837,3.91,50.30,196.57,331,301,227,333
K,1023880,3.91,50.30,198.34,329,309,227,328
K,1024921,3.91,50.10,196.77,337,307,223,330
K,1025964,3.91,50.30,196.57,331,306,226,327
K,1027006,3.91,50.10,195.99,328,307,230,333
